 $data
 cytosine
 Cs

 H    1.0        -2.114860     -1.429678          0.000000
 H    1.0        -0.173973     -2.806186          0.000000
 H    1.0         2.073228     -1.658021          0.000000
 H    1.0         3.175240      0.564335          0.000000
 H    1.0         2.235202      2.033636          0.000000
 C    6.0        -0.060783     -1.726152          0.000000
 C    6.0         1.144884     -1.099470          0.000000
 C    6.0         1.107049      0.338190          0.000000
 C    6.0        -1.227573      0.430359          0.000000
 O    8.0        -2.315109      0.998271          0.000000
 N    7.0         0.000000      1.058130          0.000000
 N    7.0        -1.201178     -0.989148          0.000000
 N    7.0         2.278974      1.024187          0.000000
 $end
