 $data
 uracil
 Cs

 H    1.0      -2.025413     -1.517742     0.000000
 H    1.0      -0.021861      1.995767     0.000000
 H    1.0       2.182391     -1.602586     0.000000
 H    1.0      -0.026659     -2.791719     0.000000
 C    6.0      -1.239290      0.359825     0.000000
 C    6.0       1.279718      0.392094     0.000000
 C    6.0       1.243729     -1.064577     0.000000
 C    6.0       0.055755     -1.709579     0.000000
 O    8.0      -2.308803      0.954763     0.000000
 O    8.0       2.287387      1.092936     0.000000
 N    7.0      -1.139515     -1.026364     0.000000
 N    7.0       0.000000      0.978951     0.000000
 $end
